   3984990917.1979799     
   3963897332.0928674     
   3961705963.2894425     
   3961400783.4978695     
   3946804349.5642719     
   3942640003.4988232     
   3935616805.4770002     
   3932797098.3362756     
   3923451744.9388828     
   3928983507.4820867     
   3912939526.7244830     
   3915651220.1022110     
   3904708795.4083619     
   3898422601.5979009     
   3891036124.1092482     
   3892763820.9897823     
   3882017195.0883927     
   3874655730.2565556     
   3875027987.1202817     
   3858161849.6963229     
   3859950402.2081561     
   3859838670.3310194     
   3858409344.7638435     
   3850327171.9764600     
   3844831203.5933447     
   3838326055.9672585     
   3833175503.4404712     
   3823740489.4566059     
   3820561235.0527639     
   3812866049.8369737     
   3810036543.1311083     
   3804057821.6922998     
   3804703674.3099260     
   3799267508.1838155     
   3791523716.5261168     
   3781048302.8934674     
   3777831808.4214454     
   3775554239.4857349     
   3766905618.3521366     
   3764434230.9023652     
   3759968761.7331986     
   3760395144.6841769     
   3748393310.4932017     
   3745326105.1302276     
   3741689724.2484751     
   3732349881.5190935     
   3730847897.1636553     
   3725991544.4796438     
   3719019632.2278180     
   3717164007.6363802     
   3707576073.8501015     
   3702226805.4391050     
   3701922100.5163589     
   3693519726.2614756     
   3690415410.8731546     
   3681621575.7325654     
   3678821860.0881438     
   3675636449.8616710     
   3674793140.3981509     
   3655526372.7384143     
   3665537670.1892533     
   3660021865.2803898     
   3654042112.7440782     
   3645555916.0717030     
   3653106583.6143098     
   3642657287.1608033     
   3636969230.4387522     
   3636019553.1085315     
   3637983892.0768447     
   3625618894.2185774     
   3619773712.3874650     
   3609693794.3311334     
   3611013588.2297754     
   3602087428.6537595     
   3604792468.8005257     
   3599835635.1402040     
   3590066016.7495346     
   3588331232.8847122     
   3585121377.2625442     
   3570944500.5936627     
   3568739894.2625518     
   3562336950.8267469     
   3562496108.5679045     
   3554164939.5008988     
   3560754727.8289104     
   3556666356.6381960     
   3545965811.8672657     
   3543108334.2508845     
   3534423853.9582653     
   3542250584.6820030     
   3523765590.4197116     
   3535323968.7176838     
   3524116539.0998249     
   3516720379.4042954     
   3517815143.0262647     
   3511851429.4597926     
   3504346195.8939071     
   3502825860.1932774     
   3504715793.3910217     
   3497827368.4959536     
   3488901038.2242332     
   3491068630.9530849     
   3473331225.8791766     
   3481627214.8375506     
   3478506787.5816302     
   3474320995.5957732     
   3475432988.2242470     
   3453060314.5289602     
   3458874860.0078640     
   3452638193.5815415     
   3452489084.3788362     
   3451601674.9355378     
   3451280075.9925976     
   3441033075.0795040     
   3437624574.6493301     
   3434854108.1099744     
   3431641740.5692859     
   3435711140.9386444     
   3422605231.2526498     
   3423902940.4917850     
   3412526882.1704564     
   3417895874.9915223     
   3411232397.4994078     
   3409883828.6269431     
   3399639059.4269900     
   3394293546.3100538     
   3397210112.9233484     
   3396792438.5765724     
   3381939219.6230397     
   3390033701.4601145     
   3385469021.4759607     
   3375173212.1464033     
   3382937588.2967973     
   3374767595.9217610     
   3362713074.8506718     
   3366288377.1775107     
   3364119395.3043456     
   3359992410.3321719     
   3355642307.3892727     
   3348243581.7097874     
   3353035537.1182847     
   3349235397.4301639     
   3343829708.9789414     
   3341603673.8945589     
   3339981938.3738184     
   3333331633.2754126     
   3331307008.9832344     
   3326872061.6691890     
   3326214089.5651054     
   3327801952.4792590     
   3324738494.3417292     
   3311839207.3268962     
   3319981359.2300897     
   3306825810.9840689     
   3305848271.2420945     
   3309035168.6868429     
   3300299218.8083820     
   3300883431.9414210     
   3295599046.0347624     
   3292440236.2746043     
   3289795777.4982719     
   3296928585.1331573     
   3292725236.1546125     
   3281885077.4885488     
   3271991976.4937901     
   3277391503.4321718     
   3276937441.7194910     
   3270986360.1572490     
   3264280682.6008749     
   3264293195.9935260     
   3263060437.1857862     
   3253328554.2236733     
   3253143021.0969715     
   3263403320.7514191     
   3245134081.7454147     
   3254388020.8942394     
   3240567805.1475139     
   3251079333.9334874     
   3238810260.1677070     
   3231451878.0007997     
   3235875633.7941542     
   3231018837.6684499     
   3221888523.0545073     
   3228988556.1887746     
   3227505948.0114861     
   3223163165.6817336     
   3218141643.2465806     
   3209116279.3168311     
   3214159979.3793087     
   3202303826.7004027     
   3208787072.0295730     
   3207317208.4891915     
   3208314749.7242918     
   3206577922.5824437     
   3201056334.3194604     
   3201855393.5591030     
   3189243144.6396379     
   3192450676.9414353     
   3186170067.7776823     
   3189759460.2048287     
   3191118047.8854809     
   3185754278.0007329     
   3179969195.2374544     
   3175913798.6103988     
   3173606927.8037643     
   3174523909.5434637     
   3172571724.0626431     
   3166274896.1688967     
   3169933555.5984588     
   3157028396.9574971     
   3158867797.5381088     
   3149115567.1575856     
   3156582531.8157554     
   3152470019.6803932     
   3151596002.3978987     
   3138899823.9417486     
   3146600427.8230309     
   3137494350.2130938     
   3140062334.9276171     
   3137843155.6948452     
   3138998969.9827337     
   3139290627.2500629     
   3133454455.3493581     
   3131823953.7096395     
   3123650225.4871373     
   3129656917.9125762     
   3124453163.7416477     
   3126567395.8103533     
   3124759095.4814129     
   3115520688.8212709     
   3114521343.7220058     
   3116672733.7834458     
   3115967859.6779642     
   3112675417.7565093     
   3108042509.9121323     
   3109813336.0247364     
   3106828743.1254702     
   3103798361.7783127     
   3099377512.2543068     
   3097042861.0425453     
   3106470277.5162539     
   3094555088.3656917     
   3088394951.6353745     
   3091305566.7215805     
   3089774623.2902789     
   3082204467.1280780     
   3081394281.9556422     
   3088925022.9127231     
   3088322899.4473271     
   3078085080.3554277     
   3075560600.8230653     
   3078937831.7921653     
   3069087830.3783755     
   3073841207.3460202     
   3065849651.2510147     
   3062795697.7390819     
   3060328054.2769480     
   3068752626.0479293     
   3063091009.4343400     
   3057111733.0126185     
   3055757414.7200723     
   3054605979.1522851     
   3055781058.4462342     
   3059807527.3874636     
   3052186014.1518645     
   3047023444.0248599     
   3042168834.8289223     
   3048370211.9574285     
   3053962984.0852599     
   3040788597.7576647     
   3043527258.7026119     
   3041814609.2273288     
   3040013787.0373316     
   3037541565.5270705     
   3036545001.6378217     
   3030133491.2396784     
   3027568818.6042175     
   3025830368.8466420     
   3029285411.2405634     
   3027681665.2875595     
   3029059948.6554379     
   3027231937.8771992     
   3019436771.8968754     
   3022787663.7764587     
   3022337709.7203631     
   3014371607.4076457     
   3013593682.8415198     
   3013500714.1390033     
   3014910757.5907211     
   3010794231.0384345     
   3003306255.2822719     
   3004511357.1311717     
   3003801977.8408613     
   3006240786.4365721     
   3001871955.6731691     
   2999598687.5509658     
   2997271201.3538961     
   3002756502.2606053     
   2998091568.8078852     
   2995388169.4411645     
   2995816915.6835690     
   2993493361.6302352     
   2992042498.8023825     
   2988733877.6837611     
   2990885775.7358379     
   2988907401.4934525     
   2974570586.6374207     
   2984783273.0764146     
   2979596908.9161224     
   2981436622.0152416     
   2975593335.7651467     
   2973886114.6082134     
   2976115576.6376252     
   2974467186.5263338     
   2969348570.3972497     
   2973293722.4911060     
   2975464929.3219380     
   2964934160.6289215     
   2973516790.1235428     
   2964716595.8124223     
   2963746033.0810127     
   2964504036.4212155     
   2954735932.6516328     
   2956305258.5590034     
   2958052235.0929618     
   2956286048.3788528     
   2954949339.5236635     
   2954548218.6101747     
   2953358888.6505532     
   2948877640.8229132     
   2953046840.8885431     
   2940915387.7917094     
   2948536818.1323438     
   2945311191.4608383     
   2946726029.0449705     
   2947656057.2623777     
   2944116462.0965166     
   2939866195.6194782     
   2941657132.5039163     
   2943499043.2407088     
   2937187221.9257288     
   2939373193.8123717     
   2936392613.7707186     
   2932943665.5075192     
   2932918575.4874048     
   2934221437.1523614     
   2930672557.0649166     
   2928934305.3050537     
   2929892719.9169297     
   2928651051.4964347     
   2928563484.5446596     
   2926185667.8697357     
   2926802815.9563627     
   2919883656.3340235     
   2915874870.1570649     
   2917470942.2699113     
   2923657991.7453761     
   2912390623.1884737     
   2914899469.6749506     
   2918356197.7403088     
   2914554808.2769189     
   2911906281.1484313     
   2913432778.6926417     
   2911475113.1406059     
   2909692714.1040201     
   2908715303.9127121     
   2911439429.8145719     
   2910792725.2865343     
   2902687835.1893458     
   2902839930.2422428     
   2910486399.4278827     
   2906513988.7453656     
   2899154528.4738569     
   2894738283.7254038     
   2903329686.4402571     
   2899518096.6902795     
   2894081612.4746685     
   2893942555.7675385     
   2891507045.0057306     
   2893350380.1031790     
   2893125541.8739409     
   2886868697.0970101     
   2890708798.1239853     
   2890591630.4141569     
   2890943684.5668168     
   2892047303.5617175     
   2891316741.1666012     
   2897595246.8682141     
   2884166978.6582093     
   2883447949.8242135     
   2882051519.8147817     
   2879849617.2003484     
   2887155374.4419332     
   2880666086.8756852     
   2878236617.9299779     
   2878946686.7231784     
   2876096907.1159816     
   2873277569.4270678     
   2875215490.5946918     
   2869785034.3773499     
   2863121574.6063771     
   2867017502.7838426     
   2875739457.8401880     
   2871959295.0057678     
   2864338822.2754364     
   2867332907.6646719     
   2868201588.1996756     
   2865172531.8601623     
   2863367277.0569115     
   2860612111.6844244     
   2865137712.9640207     
   2858982681.7872210     
   2860080191.9991856     
   2860078033.7550478     
   2860524319.5745440     
   2852420274.0906963     
   2855953363.9727077     
   2858338253.3126011     
   2846257253.8685832     
   2857118466.7799039     
   2853067355.5394516     
   2851573284.4824386     
   2850527321.6225624     
   2846925270.0316305     
   2850463291.1816087     
   2848383163.5882998     
   2857048924.7188835     
   2844642977.4159226     
   2852070950.6034331     
   2850506736.1849852     
   2845213235.0953255     
   2847774065.0374293     
   2837342552.2095780     
   2845409033.8830142     
   2840669642.9559193     
   2841923611.6963592     
   2844086254.8166118     
   2844978338.4271913     
   2842798723.3868918     
   2841352898.5419350     
   2836114618.8069143     
   2836877596.3092084     
   2836092957.8913770     
   2831445189.6628742     
   2832606873.7838655     
   2834000082.0054007     
   2834230713.9766326     
   2834402993.3545656     
   2831952362.1379466     
   2825580446.2271304     
   2831963563.6220245     
   2823808721.1917944     
   2828310805.3025217     
   2830812290.7254577     
   2827937487.1889982     
   2831421907.1172228     
   2825297161.6488528     
   2828350104.4425974     
   2823533822.1376133     
   2826505568.6446543     
   2825355334.4283409     
   2823471966.2896171     
   2822139536.7596350     
   2820612419.0135083     
   2822242240.2915773     
   2818495076.9300184     
   2823708474.0488157     
   2824274798.3827505     
   2817192083.5735626     
   2816977592.6529894     
   2820896643.8756976     
   2812110724.0853157     
   2813267054.6446128     
   2818042575.6459532     
   2816938047.4715786     
   2812509483.3088069     
   2812194233.4474359     
   2816920430.8627276     
   2811779440.9300714     
   2812581028.6797848     
   2803721151.4079795     
   2805846303.2594457     
   2807482263.1471491     
   2807043740.9125481     
   2802938430.1868572     
   2804594040.0687943     
   2801668339.2724853     
   2808378630.9056206     
   2806137267.8070354     
   2803327338.2329125     
   2802264127.7086077     
   2804188043.1458521     
   2800979173.4801464     
   2803627790.3599620     
   2802575655.7178855     
   2801323643.6468840     
   2800581045.3999820     
   2798048083.9638605     
   2799811060.0631638     
   2798125320.6856952     
   2796617412.6596808     
   2789560801.3691616     
   2793421933.0451593     
   2793755929.8134694     
   2794518541.5578661     
   2788879736.7851286     
   2790837890.6758151     
   2789984844.0160813     
   2794144342.3525658     
   2788938228.1552157     
   2782433254.2816133     
   2793542438.4713798     
   2792908688.5460701     
   2785340147.0153608     
   2793419141.3114972     
   2791229736.7084513     
   2782427221.3967409     
   2790561594.5520821     
   2787998510.8399420     
   2787348965.7758570     
   2780764783.5425758     
   2784469377.7587695     
   2778334438.6791782     
   2788307904.5881739     
   2779656486.2279391     
   2780358008.7670894     
   2782603173.2615061     
   2778987783.5372772     
   2781599178.1044636     
   2781299175.1418233     
   2778610114.1969757     
   2776067314.1962309     
   2773561344.3108411     
   2774872578.4819670     
   2777473143.4542356     
   2779325566.2947960     
   2785708601.1679254     
   2777438487.9820848     
   2775029854.1451998     
   2775681437.2892365     
   2781061498.0301805     
   2777031373.1723146     
   2771982152.5028982     
   2768824034.9914470     
   2771333251.1350489     
   2766214145.6296549     
   2774231884.0030742     
   2775857038.2657394     
   2771026566.9332175     
   2771452269.9484162     
   2766454885.5766449     
   2771422828.0035586     
   2764043835.2302265     
   2767858880.4013066     
   2765109154.2209201     
   2763804714.6992249     
   2769072911.5519342     
   2766855618.4709005     
   2761355865.8103733     
   2764854190.4877124     
   2763542551.8572655     
   2761572707.4827695     
   2767716857.6186981     
   2760938501.8653197     
   2764795699.3408117     
   2758440211.2325134     
   2763960076.1512508     
   2760960582.0756092     
   2759679864.9901586     
   2755244912.9505630     
   2761938861.1312661     
   2760514139.1800919     
   2754958817.8284354     
   2757449669.8159256     
   2754687185.4215794     
   2754985313.1117897     
   2762788408.3610144     
   2754839817.0247979     
   2759711121.5857654     
   2753658106.4972162     
   2755199618.8298917     
   2754222533.5147038     
   2754720723.0279102     
   2745396775.4408956     
   2749155079.0642357     
   2751964452.9422040     
   2751541757.8477817     
   2755135669.5781331     
   2753169043.6112356     
   2746333707.0906396     
   2747843477.6630988     
   2748739440.4714313     
   2753009711.1131873     
   2748512591.0608263     
   2747912564.1200027     
   2750609669.0668440     
   2752748601.4870086     
   2744942237.2781992     
   2750319866.4052873     
   2744704075.3047085     
   2743600124.1080160     
   2740719028.3791900     
   2750090986.2855568     
   2742599516.0804834     
   2742992491.9939914     
   2741165307.3296885     
   2749442957.7708640     
   2739753898.1628528     
   2744848009.3292894     
   2744016118.0195746     
   2740370119.3998365     
   2738125938.5678835     
   2736470342.4311838     
   2743631435.2539797     
   2737354131.3925734     
   2740133355.8435383     
   2745817085.1401920     
   2734678082.5890365     
   2734064989.6895552     
   2739210624.9462008     
   2733017334.3587761     
   2739764323.6160913     
   2739748111.0525069     
   2743436649.9477258     
   2733607091.9299045     
   2736196994.5364766     
   2733756249.7576494     
   2734908226.0060835     
   2734861991.7004652     
   2736847324.1623259     
   2736230544.8985209     
   2737186214.7212644     
   2733906405.5242944     
   2733506735.2373514     
   2733919315.3446255     
   2734300450.5465617     
   2739496907.4262519     
   2733376111.1248655     
   2732538295.9045353     
   2732000188.3578882     
   2735872237.7182603     
   2730824083.9004908     
   2731312730.4635987     
   2729036552.4765763     
   2736494922.6445765     
   2723465758.8223743     
   2735483384.7871552     
   2728903027.3898568     
   2734494773.7917933     
   2737600343.4186678     
   2725941238.4876022     
   2733779860.2099733     
   2724765131.3279505     
   2723056535.1776128     
   2729469585.0827980     
   2725803618.0837407     
   2728567740.2873793     
   2723937845.5371757     
   2727745117.0500174     
   2721370165.0072141     
   2725537182.5182819     
   2719996894.4187384     
   2725153878.5561805     
   2724053040.1105480     
   2722463789.0015025     
   2723946118.9238062     
   2722433664.2591009     
   2721787778.6569324     
   2728448100.9004836     
   2725540887.7458000     
   2720416961.5853467     
   2717414908.3687201     
   2720597757.2226520     
   2721365766.4689064     
   2721174745.0594902     
   2727502919.5099730     
   2719673725.5069270     
   2721474263.3359547     
   2718367279.2766042     
   2721105307.0934138     
   2716363476.2817755     
   2719760568.9628720     
   2718614288.0741043     
   2722913206.9172359     
   2717683556.6981697     
   2717140915.0411320     
   2718695572.2993507     
   2715557887.6075368     
   2717159444.4048972     
   2713152105.4044843     
   2719209340.9460516     
   2711553208.5406880     
   2715029824.3764367     
   2715411680.3587956     
   2716277083.9685059     
   2718249848.9560843     
   2718252640.6352429     
   2709876639.1167455     
   2710342232.3998370     
   2711794340.5872941     
   2712927275.7701292     
   2710812673.9524474     
   2712739040.3796239     
   2711895255.2853432     
   2718122115.2728095     
   2714084421.9944572     
   2711426399.9790306     
   2706902281.0796351     
   2707293556.1524053     
   2716792228.1222777     
   2707542343.5428061     
   2713784699.3850498     
   2710518593.1855226     
   2708143567.8339114     
   2705948713.7156377     
   2708208414.6134171     
   2711984328.9452319     
   2706784329.7324533     
   2708983061.8958106     
   2711222322.5109649     
   2710849695.8660197     
   2710535664.7179875     
   2708100484.5824661     
   2706817047.9611492     
   2709582373.0293503     
   2707707703.3772902     
   2708671069.9026623     
   2707371433.2098231     
   2715469174.6392598     
   2706861476.7574735     
   2708558226.8410144     
   2714984934.3705320     
   2707203564.2875619     
   2708526701.5908999     
   2702748955.8496318     
   2707343538.0473690     
   2705911180.0463867     
   2707771250.4691782     
   2706143280.9425168     
   2707019118.1863952     
   2703894346.7243495     
   2703887406.8738928     
   2704010823.1812224     
   2699333972.1526928     
   2710914422.6946330     
   2704674823.2960968     
   2704198045.1324210     
   2702022282.4570904     
   2702723067.2605133     
   2710950181.3551188     
   2695937971.1687522     
   2703323599.0851083     
   2697881518.6180553     
   2704886615.0665011     
   2701943238.4126635     
   2703319495.0409422     
   2694906456.6519213     
   2701183475.9502411     
   2700407386.3062782     
   2698723298.4935870     
   2702669588.9345593     
   2702636894.4083877     
   2701922908.9149442     
   2701717238.8188705     
   2696943648.0003552     
   2700804200.1192083     
   2704154246.3494768     
   2699834221.3034430     
   2696928516.8410559     
   2696137700.1343908     
   2700145174.2942739     
   2703561439.9511333     
   2699061171.4813643     
   2691442042.1085558     
   2699771201.2248955     
   2702603490.7752805     
   2703605513.1823945     
   2696375915.3463907     
   2697885366.4382906     
   2698307635.0633512     
   2699661255.0808616     
   2698868894.2102547     
   2694638264.8709068     
   2696753181.1475906     
   2696155480.3092122     
   2696226979.3976960     
   2690966857.0574126     
   2689789074.1834650     
   2693118387.3704824     
   2699186434.1362381     
   2700323980.2834606     
   2687537736.2779956     
   2697179892.3286638     
   2685790645.9361792     
   2687050008.9563675     
   2694658959.0294461     
   2691747580.8265653     
   2690021968.7069192     
   2691226193.8523350     
   2687350502.1696625     
   2687135977.7642474     
   2694290290.7344503     
   2689704692.8950682     
   2687326202.2574983     
   2687740559.7719488     
   2687560190.1399679     
   2688500335.1768188     
   2690381195.9029942     
   2692611089.9742427     
   2697123363.6885276     
   2686633851.5701003     
   2689159438.7095590     
   2696373911.3768625     
   2689040612.1948962     
   2693110306.4730434     
   2686414014.7958760     
   2689421482.7342682     
   2689853044.4795952     
   2690670338.6558146     
   2689588092.4886231     
   2690813366.9006400     
   2689450335.5137639     
   2690072774.3639646     
   2688717326.4477501     
   2691518128.9507513     
   2693039762.8486814     
   2688450989.3685579     
   2693108411.6105542     
   2688276876.3137341     
   2690989727.1431661     
   2693857354.6221328     
   2694643625.0030918     
   2688361629.1539721     
   2685884107.0754385     
   2689740586.5872126     
   2689267551.4260931     
   2689335336.2932649     
   2687142729.9297304     
   2688087586.2268300     
   2687978029.3388538     
   2689884384.3779707     
   2691206161.1985807     
   2680590505.4829245     
   2686473269.0382710     
   2683549466.8880653     
   2684907141.2373180     
   2684011037.4491563     
   2678306489.0957184     
   2684581985.5685701     
   2682414989.2898512     
   2689295487.6695433     
   2680487018.5963101     
   2677497176.5302243     
   2683316740.5784597     
   2681956237.4669013     
   2680986681.3307004     
   2674040592.1007423     
   2684583011.2801914     
   2681663904.5693235     
   2680014217.4703379     
   2681501423.5789914     
   2682771075.6310425     
   2685807759.0999942     
   2681413571.4499207     
   2679493516.5932555     
   2681518848.2868619     
   2683561963.0562425     
   2682307245.1037784     
   2687515367.3195581     
   2679257891.5935435     
   2681512009.4287710     
   2681709410.4371877     
   2680996540.1902161     
   2682986715.6772809     
   2677922171.6764545     
   2681757232.6762547     
   2684404422.1379418     
   2681860751.2967544     
   2678446382.7888021     
   2678569376.6394553     
   2678249902.9303684     
   2679288169.1937532     
   2683199116.0407062     
   2671304952.3712497     
   2678232353.8725433     
   2679750364.5534248     
   2679980313.3053789     
   2681564845.2913284     
   2674931349.0264125     
   2678089983.6766238     
   2676952775.4731112     
   2676879361.1912475     
   2681667759.3671269     
   2682488995.6692033     
   2675852728.3575191     
   2673729895.2333140     
   2673622989.9247823     
   2678413850.4206071     
   2676116637.7541022     
   2678807939.7984762     
   2677004775.0789199     
   2676783448.6035557     
   2681406691.9554281     
   2675104795.5722861     
   2678280317.2284222     
   2673154131.8619356     
   2676321350.7463384     
   2674871101.3061533     
   2682968140.8978877     
   2674441944.6098261     
   2668862850.5003424     
   2667985874.1892748     
   2674164244.0105624     
   2675852475.5348883     
   2673835035.6873727     
   2677899106.1149106     
   2674697888.2429919     
   2675608526.6461930     
   2680228362.4612570     
   2675492132.6066656     
   2673073510.9028587     
   2677089851.8361425     
   2672753571.2636213     
   2671948656.0628409     
   2675842906.5912733     
   2673021181.2837472     
   2674120329.8121600     
   2674334685.9493032     
   2673731888.9977479     
   2678555263.0354905     
   2677412344.7108607     
   2673558183.6369662     
   2672772041.9076061     
   2676101781.7004676     
   2667238033.3525681     
   2674899471.9540100     
   2672030830.9179354     
   2672884651.5763869     
   2676567987.5108190     
   2669621275.7897520     
   2674034468.0717487     
   2672667999.8882565     
   2667549468.6011500     
   2671118369.9980979     
   2668363805.6555662     
   2671788208.2394867     
   2680010312.9912601     
   2668194941.8769855     
   2668967460.2732759     
   2672394752.8700786     
   2670294918.1109047     
   2667212000.1796851     
   2671824082.3583188     
   2672106446.5001860     
   2674214326.1956444     
   2673190269.2220707     
   2667818850.5025582     
   2672356703.5235267     
   2671337460.1727066     
   2674357521.6574240     
   2675053242.7790685     
   2669428644.4798694     
   2669162949.9681025     
   2672935492.9215670     
   2668381419.4441342     
   2670166413.9704070     
   2674959733.8853502     
   2670597658.0505366     
   2667831672.3728580     
   2668484359.9787192     
   2672795304.4216642     
   2674022292.7241411     
   2675570601.6780052     
   2671806337.8215508     
   2670387870.7636166     
   2671310763.2651176     
   2672457178.2148147     
   2673277429.1333065     
   2672209835.8593602     
   2672465220.2939801     
   2669567470.3096075     
   2664073586.5025210     
   2671824991.3093877     
   2668122800.0950537     
   2672568114.0614586     
   2663488799.3242674     
   2671497356.1524100     
   2666317968.4149461     
   2670874066.7805510     
   2673176657.3741770     
   2669674745.8903241     
   2673518934.6286535     
   2672425197.2220011     
   2669258023.8175111     
   2669943949.9288311     
   2670081272.5865955     
   2671351270.0637093     
   2672983462.4627161     
   2667371994.9837880     
   2667232492.5286617     
