   534.43820477697636     
   533.46060739473921     
   532.52896518069531     
   531.66987764855958     
   530.64951229382064     
   529.70826112815416     
   528.68525142118210     
   527.71857638558834     
   526.80585051184585     
   525.88285973543498     
   524.98285114847420     
   524.01797014009685     
   523.13258374131988     
   522.18746072597298     
   521.25140292800677     
   520.45365072579261     
   519.49844729130359     
   518.62792345152138     
   517.67545420840474     
   516.75160684517743     
   516.01890384077524     
   515.18997184359455     
   514.33297688214338     
   513.47175065534191     
   512.68727530554463     
   511.84069788667057     
   511.03428148361877     
   510.23137074986619     
   509.41415138498655     
   508.57164226765286     
   507.71688586298416     
   506.89996145272971     
   505.99332315457059     
   505.17048765743851     
   504.31871847691747     
   503.54136329688453     
   502.72643091124189     
   501.93712903638789     
   501.15493594186546     
   500.42397700834687     
   499.68207619689991     
   498.82230141211954     
   498.02882688669092     
   497.26179386884479     
   496.46419144296533     
   495.56153156906794     
   494.73554798890535     
   493.93730022637993     
   493.18891761364677     
   492.53008471608825     
   491.73218436005391     
   491.01614319538606     
   490.22010223680161     
   489.48218259793043     
   488.62697630102286     
   487.89370994243137     
   487.16798901130250     
   486.37676756170600     
   485.62167780120416     
   484.81749700917527     
   484.03107856313977     
   483.36246410622488     
   482.66032388389647     
   481.89569609512307     
   481.20665474811477     
   480.50381284015413     
   479.82526248479087     
   479.03576900371326     
   478.24330120874731     
   477.45371978884805     
   476.76532435648073     
   476.01769195444803     
   475.17477468867935     
   474.41658603983512     
   473.76307669017706     
   473.06388672927631     
   472.42159941062437     
   471.74536515306579     
   470.97941862368896     
   470.25962446736997     
   469.55365775147436     
   468.92889442190466     
   468.27122712889127     
   467.62994399900032     
   466.95301265341703     
   466.30089416111878     
   465.63955027163257     
   464.96780890620539     
   464.30082885825817     
   463.64194376607213     
   462.95559883073446     
   462.32473953935602     
   461.70461788557793     
   461.06031514741574     
   460.42895139789243     
   459.83496396645603     
   459.15270401832788     
   458.57918796722214     
   457.92123023367270     
   457.28749472617153     
   456.71019906443939     
   456.04239371087135     
   455.43819428267199     
   454.92385021279279     
   454.29206288918340     
   453.68087384959745     
   453.07190795380279     
   452.49387199736248     
   451.89573039610690     
   451.28371913779199     
   450.65323164375792     
   450.04405631906741     
   449.44687859170779     
   448.84244026824024     
   448.20842354169417     
   447.67496749331718     
   447.08938333811756     
   446.47626276863957     
   445.98187458196298     
   445.38552274836906     
   444.78501092084906     
   444.25803726332845     
   443.69483269571595     
   443.20651391047738     
   442.64173084084393     
   441.97546404241149     
   441.41337146569174     
   440.93324533144278     
   440.35157598187863     
   439.85607967741117     
   439.24487629786336     
   438.68184021617344     
   438.19774105059361     
   437.65446881638132     
   437.14934127993030     
   436.61509733236272     
   436.11213209377939     
   435.55758992267340     
   435.03374887344313     
   434.50672204690875     
   433.93585596726439     
   433.34931315165159     
   432.75793427140752     
   432.20002805929710     
   431.67194032241531     
   431.14060821163582     
   430.59184540386775     
   430.04570509410104     
   429.57968310670708     
   429.04735343685559     
   428.51941806460923     
   428.06565517904920     
   427.53249111152564     
   427.09468813287873     
   426.66005503213870     
   426.14642897073958     
   425.66305463898914     
   425.15159417821286     
   424.65344597579730     
   424.20946730425067     
   423.64066953789944     
   423.08406536036199     
   422.60790184179280     
   422.11242992829500     
   421.62501126043838     
   421.09467232792713     
   420.67406146727632     
   420.21504222154726     
   419.74980458790952     
   419.32521808883894     
   418.93093762844825     
   418.45947313045207     
   418.06750118211505     
   417.58350471109742     
   417.13590624838247     
   416.67282121914900     
   416.19120140988565     
   415.73467467637283     
   415.26696067197327     
   414.76868113157138     
   414.33355165879249     
   413.80531670268897     
   413.38572177434361     
   412.91545776076873     
   412.47596496556054     
   412.01851512740024     
   411.57070333004765     
   411.15391813391540     
   410.76287585691347     
   410.28330531885626     
   409.82458160454433     
   409.32339721331829     
   408.99018337004350     
   408.54405001000850     
   408.14041974100707     
   407.70400105701498     
   407.30338657983276     
   406.89809682997156     
   406.47019604327130     
   406.01721788709528     
   405.56279219316599     
   405.05430710452498     
   404.64726274247062     
   404.21146629463567     
   403.73854968585317     
   403.29051769910478     
   402.78581543983910     
   402.41762649073274     
   401.99968277251941     
   401.55343579869140     
   401.18504807051028     
   400.74024760350801     
   400.39196619295916     
   400.00037659348033     
   399.52002760398267     
   399.13740408473632     
   398.77998559961560     
   398.30537184610142     
   397.86013702579214     
   397.44366674280587     
   397.06168471235759     
   396.61466104641465     
   396.21604066382832     
   395.82991075539098     
   395.49599948022558     
   395.10427204568572     
   394.75386916493306     
   394.36329257240169     
   393.99461416084540     
   393.63855372880670     
   393.30997000292615     
   392.97112092917325     
   392.59423854346272     
   392.13849586343144     
   391.78407326056345     
   391.42556607942032     
   391.12996511280488     
   390.76389782371456     
   390.49327136315486     
   390.13645028202563     
   389.74524439283641     
   389.38288175085609     
   389.05078237030432     
   388.72012149027483     
   388.34338931986963     
   387.93322961704905     
   387.57937185220624     
   387.24470416772056     
   386.94789078827546     
   386.58237535377418     
   386.21898273937711     
   385.85994797266136     
   385.60014314676147     
   385.21697871931269     
   384.83829392955062     
   384.51638408695391     
   384.16391398293507     
   383.78209197752449     
   383.42115886049061     
   383.08689570303193     
   382.76629096807028     
   382.43355781833520     
   382.09880348350464     
   381.79782579831851     
   381.47323610399428     
   381.21740530757080     
   380.92201742814262     
   380.56157134496812     
   380.23733454043912     
   379.92696365000853     
   379.61834148065310     
   379.30751787088644     
   378.96717843539807     
   378.69575726918112     
   378.36667604431835     
   378.03071503039399     
   377.65212070543100     
   377.33971773317086     
   376.94591631678270     
   376.63731759143519     
   376.30295614802350     
   375.95764117973323     
   375.71527692999985     
   375.41224489947751     
   375.12965519045582     
   374.79516157971568     
   374.48445183870865     
   374.16149106189329     
   373.87190413316705     
   373.65968833365332     
   373.36106843459328     
   373.02018801345548     
   372.74182334547436     
   372.45409643356919     
   372.25641045755697     
   371.97871542180746     
   371.66206261162631     
   371.42017930342854     
   371.16971172047516     
   370.90078629950460     
   370.65402501784502     
   370.38589677737224     
   370.09029367425745     
   369.85794086082592     
   369.63603141721677     
   369.30208797973904     
   368.97671653603084     
   368.72149121379005     
   368.49384672069903     
   368.20386468058462     
   367.89498080509429     
   367.63100398828658     
   367.35409562120850     
   367.03055251799276     
   366.74107820433227     
   366.50640010205012     
   366.15026390772033     
   365.87285998758421     
   365.63258519093279     
   365.35425860693988     
   365.12448944906350     
   364.88632856513323     
   364.66259369403804     
   364.44992330157970     
   364.16225427054064     
   363.91498596358946     
   363.63101505937522     
   363.30625402047849     
   363.05261004962193     
   362.82060702861332     
   362.53112317158389     
   362.30656977144059     
   362.04918808087160     
   361.86983284134823     
   361.63527460443015     
   361.41508055659602     
   361.28363375978574     
   360.98722965528401     
   360.77070655868192     
   360.54197143408760     
   360.28573633827347     
   360.12090459019362     
   359.84234944504777     
   359.63986304939493     
   359.39125983755878     
   359.17401973387030     
   358.98074151721926     
   358.79478922437232     
   358.58220401981697     
   358.27736748010250     
   358.03095716338959     
   357.81632839276949     
   357.57221357085308     
   357.32153384991130     
   357.03061952746339     
   356.83581551702974     
   356.51199281928916     
   356.42127970735766     
   356.19421268994893     
   355.88273572982530     
   355.58083994029687     
   355.34582508160486     
   355.18426466445732     
   354.98439366214888     
   354.85234522633226     
   354.68501927430015     
   354.51486009062813     
   354.23485667709946     
   354.06246543789564     
   353.78700291251010     
   353.52674630011813     
   353.34499516811564     
   353.07494379833594     
   352.86303776058480     
   352.62444421503648     
   352.41246024161347     
   352.20358009224498     
   352.03702478799062     
   351.75493530153369     
   351.61822021497721     
   351.43553249860241     
   351.22843648000702     
   351.00803473730207     
   350.74183830408646     
   350.55233717377331     
   350.40620114599045     
   350.24208745665834     
   350.07665029984798     
   349.87949651317302     
   349.72122251501850     
   349.57628109204819     
   349.39011277677304     
   349.13270633228115     
   348.99393880317848     
   348.84005515837720     
   348.56312345207562     
   348.39995628560109     
   348.20013024555811     
   348.02352037660506     
   347.80312862374268     
   347.63778891805458     
   347.43302136528325     
   347.17780265116494     
   346.98207032378070     
   346.78795700712186     
   346.57374304984484     
   346.32010489715037     
   346.09772139888111     
   345.91010887099458     
   345.76209535200940     
   345.54857637351472     
   345.31753326277232     
   345.06935551993087     
   344.87702328630712     
   344.72090930430278     
   344.50037138847392     
   344.37609368907823     
   344.18597107036504     
   344.00964567972886     
   343.81951934809490     
   343.69062295424175     
   343.54597346740741     
   343.32577137805401     
   343.13738272819455     
   342.99201816819863     
   342.80701582462672     
   342.65164701569807     
   342.48965561689914     
   342.33888824980926     
   342.17141212108254     
   341.98656853168023     
   341.79947145626818     
   341.65547493552680     
   341.55572713986777     
   341.43680587125453     
   341.25357015784999     
   341.10141944613247     
   340.92553879646846     
   340.75854570336696     
   340.57601682188749     
   340.40456821450601     
   340.29830972102610     
   340.08256507785671     
   339.85781724100559     
   339.72339540729871     
   339.54486384445948     
   339.43301696162274     
   339.22654648856104     
   339.14210146582241     
   338.93339862454286     
   338.83149895752922     
   338.77202292603698     
   338.64792330501626     
   338.53016491829737     
   338.39185337893645     
   338.24262470230616     
   338.05111849797390     
   337.87179789057012     
   337.78615150641247     
   337.53517050949233     
   337.32937721793382     
   337.22102588970006     
   337.10296250960585     
   336.98806358941789     
   336.91384022215152     
   336.79285144204204     
   336.61371585586392     
   336.50476489299410     
   336.38581819216972     
   336.29140710573711     
   336.10076382912774     
   335.94292750210388     
   335.91140200042747     
   335.75955303751090     
   335.59779212698396     
   335.40701155171314     
   335.21250416469110     
   335.03758296013797     
   334.85736924901585     
   334.64586139486897     
   334.50556987403178     
   334.39322758636956     
   334.31353680409683     
   334.19703900240307     
   334.11897722811159     
   334.02355794675958     
   333.88945106562193     
   333.79087808765541     
   333.55064291332047     
   333.44318161625017     
   333.33135247169611     
   333.18392581335644     
   333.02792187523568     
   332.94075326627058     
   332.79935524606128     
   332.66047403702066     
   332.47692426933315     
   332.32748348689501     
   332.15043073512902     
   332.07392129390695     
   331.92962207233018     
   331.77652807135803     
   331.70563922924765     
   331.57491350402000     
   331.45939661484681     
   331.33421519645628     
   331.25570552953474     
   331.11418719545702     
   330.98194759505839     
   330.84835197996239     
   330.71249731681803     
   330.58179641796704     
   330.51040239419774     
   330.44029245378073     
   330.35098345425570     
   330.22590787071863     
   330.10075591223932     
   330.00147702410561     
   329.82600812951631     
   329.75911046194091     
   329.62867448790655     
   329.53397012467730     
   329.45850886066052     
   329.29438215919765     
   329.11766854362173     
   329.05308015958474     
   328.88687315264144     
   328.81106097564549     
   328.75687852435306     
   328.66414728880881     
   328.57870926003545     
   328.42917991512201     
   328.28510776774840     
   328.19992891395998     
   328.15624744590093     
   328.04084143419124     
   327.93371386103723     
   327.83849273243862     
   327.68745983204388     
   327.51859335530781     
   327.44980429785835     
   327.22372549320971     
   327.10978116593640     
   327.00513318899118     
   326.97492294297854     
   326.81597362786408     
   326.70628933751163     
   326.54896589921623     
   326.48455856693948     
   326.37590076774700     
   326.30763479340726     
   326.19676091951715     
   326.00924639744306     
   325.91618401270296     
   325.78671150450623     
   325.68390961389593     
   325.68099739584238     
   325.65344607923498     
   325.55079233091504     
   325.39128018429921     
   325.28456008140881     
   325.13735595921298     
   324.98658203272214     
   324.91012821358333     
   324.83463196314739     
   324.73756598165147     
   324.58882701484549     
   324.57315956859890     
   324.48501130008435     
   324.38185630642550     
   324.32471019091616     
   324.24711237722647     
   324.11651296354336     
   324.00390454257138     
   323.92344579238892     
   323.78288608849840     
   323.71787489969745     
   323.57583626018607     
   323.39432097823220     
   323.27812148747819     
   323.13953354494265     
   323.01062410274943     
   322.87098844131611     
   322.76064579618009     
   322.64435299712176     
   322.56187761022647     
   322.50768026572229     
   322.42456401358373     
   322.30498481603581     
   322.19008408113751     
   322.07458162642200     
   322.02478644017435     
   321.97073512088008     
   321.88506670531581     
   321.79930410114292     
   321.75846466901362     
   321.67544511521709     
   321.61301190974029     
   321.52572068353373     
   321.47674692546661     
   321.43865925285030     
   321.35476956912561     
   321.29153742866612     
   321.23611061931462     
   321.21168379413973     
   321.15309213390765     
   321.02695445152500     
   320.97238729559234     
   320.86499591326867     
   320.76218921811642     
   320.68258685620293     
   320.63919682135969     
   320.52064507012864     
   320.43056676974442     
   320.33120343178200     
   320.20612502011642     
   320.08083916158370     
   320.00014792641542     
   319.94442748712794     
   319.82976809554668     
   319.80772524510411     
   319.68416013425400     
   319.64864302938565     
   319.53907622122671     
   319.44903970690058     
   319.34733272280914     
   319.22685914745568     
   319.15327641385699     
   319.11441513539864     
   319.02329350694680     
   318.91981916827621     
   318.84802987449802     
   318.76176576287463     
   318.69362322455140     
   318.70582603865910     
   318.60536600217569     
   318.51938454146040     
   318.43175520412683     
   318.42075855292637     
   318.38325747363535     
   318.31399818536772     
   318.23132873307782     
   318.13796045229049     
   318.08800973972222     
   318.04260758791571     
   318.02344621929871     
   318.01603420238672     
   317.93633833087245     
   317.84441337557445     
   317.75391446400755     
   317.74044292963339     
   317.60509339353956     
   317.54982465527104     
   317.49005444241425     
   317.42571237174423     
   317.32924896675650     
   317.35308766956985     
   317.30594677604341     
   317.19855538503788     
   317.10695264583075     
   316.98697136987266     
   316.85373319811259     
   316.72721008973923     
   316.69408052523522     
   316.62420493565560     
   316.52738496993385     
   316.43523748626569     
   316.32963310140195     
   316.29180669529660     
   316.22209296757990     
   316.17514149745847     
   316.16370383438664     
   316.09379323919063     
   315.98484008619130     
   315.92524799764141     
   315.80808987087869     
   315.72042772963903     
   315.64551251196349     
   315.49544281001846     
   315.43143300794651     
   315.37096516783953     
   315.27942647941330     
   315.21917249991111     
   315.11200693076080     
   315.05847250576579     
   315.05988368955707     
   315.00827762894028     
   314.91354561023815     
   314.84160104103859     
   314.74422680560593     
   314.63080400469784     
   314.59408080701621     
   314.52394443851756     
   314.49802629595644     
   314.42606046182567     
   314.33173140052895     
   314.25710775674060     
   314.20645251640855     
   314.16305883423502     
   314.12764629209261     
   314.04851628711822     
   314.01633567113288     
   314.00112572627705     
   313.95543493258100     
   313.98669146851682     
   313.97700400268968     
   313.93767017622457     
   313.87098249128269     
   313.79197588358949     
   313.77401336278376     
   313.73284294102120     
   313.70038681428827     
   313.59517898572267     
   313.56485680056386     
   313.51640804803390     
   313.51023615018073     
   313.43703325427441     
   313.35605802357162     
   313.34474086960233     
   313.19127074420527     
   313.19841265205940     
   313.23260596202147     
   313.19343280557496     
   313.24437876655088     
   313.20598505998277     
   313.14917470973637     
   313.13848982751762     
   313.07546430892614     
   313.07004466460518     
   312.98744636265207     
   312.96441674094865     
   312.94456047149930     
   312.91195183715047     
   312.82142793178474     
   312.73773053711039     
   312.61995804708397     
   312.60997552260187     
   312.58249483183272     
   312.52841573706166     
   312.46601357752309     
   312.39401759423725     
   312.40157643682295     
   312.34228489311801     
   312.27195904486143     
   312.20352704586310     
   312.13473406831099     
   312.04319646212184     
   312.00674437418161     
   311.90339576438174     
   311.88232978788386     
   311.84654699807726     
   311.79340887585698     
   311.76001245913164     
   311.72209817038106     
   311.70805662871658     
   311.62043713461838     
   311.54246648280963     
   311.48074584065392     
   311.45771878958908     
   311.42175123222995     
   311.38032588092562     
   311.27963944698848     
   311.20272839573300     
   311.16450740878133     
   311.14831429620818     
   311.15532377853930     
   311.14432526019976     
   311.10588364985182     
   311.06776435813526     
   311.02839202694491     
   310.95184596737255     
   310.88983763482656     
   310.83780299958420     
   310.73837774963459     
   310.69388799200794     
   310.60153249583112     
   310.60872311557847     
   310.53496157330670     
   310.48437960930124     
   310.43306821354264     
   310.33653274121849     
   310.25881184814227     
   310.19939043559384     
   310.13263004206988     
   310.04661074319091     
   310.01927386854652     
   309.93749424789536     
   309.91690121823797     
   309.89386648787774     
   309.81731202267383     
   309.76860474402008     
   309.69319540835448     
   309.63319104182551     
   309.62967862295352     
   309.62910956363214     
   309.62722059975317     
   309.54299349411014     
   309.49508160183279     
   309.46371788666602     
   309.48104601796302     
   309.45781284471173     
   309.38666870475504     
   309.39274215743188     
   309.38910410553399     
   309.42161041054504     
   309.39689115739782     
   309.34232688871640     
   309.25673107692194     
   309.19470224525293     
   309.14466187265327     
   309.13234359228807     
   309.10781393666946     
   309.07557737734373     
   309.04473053281146     
   309.06589716322043     
   309.01293491536120     
   308.98925447335682     
   308.97040942575927     
   308.98038341922000     
   309.00916010743106     
   308.93885495073209     
   308.87747747114918     
   308.74896708788839     
   308.75336376181917     
   308.68733633062703     
   308.69319451037711     
   308.70551163330299     
   308.70949592872216     
   308.58913983765478     
   308.54390341510276     
   308.54958098703156     
   308.52578198553329     
   308.50075593041362     
   308.53473207118975     
   308.54165750369879     
   308.52544563817838     
   308.45823609709021     
   308.41463895003108     
   308.37693530175022     
   308.37049398403008     
   308.36023620750387     
   308.29890040158011     
   308.23582712684237     
   308.17050408597095     
   308.11152112231480     
   308.06142172724390     
   308.01204692172149     
   307.94063098670773     
   307.91628924478147     
   307.89977427558824     
   307.90937020230433     
   307.88881534386786     
   307.91479245385011     
   307.87070626619317     
   307.82883488189464     
   307.80047237002378     
   307.76676984109668     
   307.78200099819026     
   307.70108862898843     
   307.75457141182227     
   307.70722169427341     
   307.66524213641702     
   307.57823465910286     
   307.53490155570569     
   307.55154228305622     
   307.55981186173682     
   307.52083516552568     
   307.50317500384608     
   307.46793207840983     
   307.48969583119714     
   307.44687667030166     
   307.41960458456936     
   307.40145121772366     
   307.30654939431929     
   307.25370573481212     
   307.21254055585052     
   307.18847817150129     
   307.14942237015589     
   307.20083140881491     
   307.16038115504813     
   307.12477559260418     
   307.07571000715194     
   307.06081769026315     
   306.98968962290382     
   307.01498877616478     
   307.02901579656242     
   306.99451845962881     
   306.93771608285169     
   306.92759466707452     
   306.83436212027721     
   306.81539326145798     
   306.78192990130742     
   306.77012780581060     
   306.75778175689226     
   306.68256641640579     
   306.66419077419425     
   306.57490530889169     
   306.58429133086463     
   306.54167054967451     
   306.47899755102765     
   306.43215802734994     
   306.40053441769629     
   306.37312840130443     
   306.27140987313413     
   306.25621287510432     
   306.20260090772661     
   306.18157082248695     
   306.15765545472107     
   306.09911907338727     
   306.08725804676544     
   306.02398731166005     
   306.01712380705584     
   306.03583907810315     
   306.00961889799174     
   306.04442633230724     
   306.05470657346604     
   306.04886237236155     
   306.02581460842794     
   305.98920620706036     
   305.94179661001891     
   305.92416501025707     
   305.91955615427804     
   305.86917605352426     
   305.83227119852495     
   305.82181196816430     
   305.83715096429421     
   305.80921332821998     
   305.76983588796946     
   305.72624206649982     
   305.65027094702185     
   305.58207680601419     
   305.54347599259825     
   305.55365052362060     
   305.54726106595888     
   305.53994857418155     
   305.52117758746374     
   305.53059325955536     
   305.43359295099253     
   305.34391671608080     
   305.32593474509764     
   305.30350841535466     
   305.31118861163941     
   305.26012392838550     
   305.26309096994430     
   305.21824891265561     
   305.15860424977058     
   305.14226064519625     
   305.07019103281118     
   305.02527365405871     
   305.05761364394840     
   305.03796723878338     
   304.98783565197147     
   305.02314794267011     
   304.99123669589932     
   304.98156253754195     
   305.05823842631509     
   305.03347235495193     
   305.04929068305904     
   305.06138668351286     
   305.01671165190868     
   305.02877037037001     
   304.98137299663722     
   305.02789927184318     
   305.02957449511462     
   305.00678755344541     
   305.04250236449815     
   305.06843850553656     
   305.10877152530452     
   305.02802310243914     
   305.10022658545773     
   305.01117144277708     
   305.05244655936178     
   304.95844736443121     
   304.90986203189607     
   304.91816492940262     
   304.92510707505522     
   304.90743187208892     
   304.83132066257986     
   304.80207308485558     
   304.79928953806376     
   304.78092325888355     
   304.72640856331424     
   304.71664788780311     
   304.71007892651488     
   304.69752575531555     
   304.64735913154681     
   304.63925079970699     
   304.68347131963424     
   304.67658475251648     
   304.63393637698965     
   304.57764511316770     
   304.57624036779498     
   304.46554791799906     
   304.49117996582470     
   304.50796370076631     
   304.40398764528891     
   304.39292602190068     
   304.28710554370781     
   304.18833009744827     
   304.15871754553615     
